# Migration is number of nodes that have changed color.

Round		Edge-Cut		Swaps		Migrations		Skipped
0		375988		51114		46570
1		245048		83461		46552
2		199713		104586		47033
3		180861		119789		47197
4		169182		131764		47218
5		161817		141762		47352
6		155708		150544		47392
7		151983		158189		47423
8		149480		165251		47524
9		147689		171793		47514
10		146440		178091		47524
11		145593		184058		47546
12		144762		189788		47539
13		144199		195346		47569
14		143535		200970		47471
15		142874		206471		47437
16		142517		211799		47451
17		142052		217111		47469
18		141805		222232		47425
19		141465		227317		47501
20		141243		232344		47428
21		141111		237501		47360
22		141042		242616		47530
23		140862		247650		47501
24		140469		252611		47408
25		140283		257304		47435
26		140186		262255		47550
27		140125		267171		47544
28		140045		272033		47507
29		139955		276746		47383
30		139886		281523		47410
31		139835		286220		47477
32		139655		290926		47389
33		139591		295541		47456
34		139626		300221		47410
35		139463		304881		47442
36		139459		309702		47468
37		139461		314426		47431
38		139348		319106		47480
39		139375		323743		47546
40		139260		328423		47469
41		139220		333015		47462
42		139201		337588		47474
43		139252		342160		47578
44		139189		346969		47567
45		139145		351661		47478
46		139101		356263		47517
47		139118		360960		47510
48		139104		365576		47530
49		139021		370191		47515
50		139027		374787		47622
51		139051		379383		47524
52		138976		384079		47488
53		138899		388621		47501
54		138961		393104		47435
55		139066		397726		47456
56		139046		402358		47495
57		138907		407054		47382
58		138895		411778		47460
59		138884		416353		47486
60		138858		420959		47511
61		138829		425485		47538
62		138779		430052		47449
63		138775		434630		47504
64		138780		439081		47596
65		138757		443642		47497
66		138828		448236		47560
67		138805		452766		47575
68		138732		457175		47480
69		138735		461722		47515
70		138670		466251		47550
71		138799		470813		47537
72		138722		475254		47512
73		138696		479748		47494
74		138675		484141		47543
75		138662		488573		47498
76		138667		492955		47564
77		138720		497412		47569
78		138656		501980		47539
79		138527		506238		47524
80		138541		510527		47600
81		138522		514889		47506
82		138517		519181		47447
83		138562		523611		47530
84		138567		528127		47481
85		138586		532596		47488
86		138626		537068		47569
87		138600		541582		47522
88		138591		546087		47510
89		138678		550471		47533
90		138628		554902		47563
91		138596		559409		47503
92		138596		563898		47539
93		138541		568441		47588
94		138568		572876		47593
95		138538		577348		47565
96		138439		581840		47512
97		138576		586277		47517
98		138632		590805		47509
99		138620		595335		47486
100		138626		599843		47466
101		138631		604327		47510
102		138563		608809		47532
103		138556		613257		47573
104		138569		617821		47472
105		138489		622382		47535
106		138483		626990		47546
107		138399		631511		47531
108		138335		635883		47593
109		138344		640248		47548
110		138359		644595		47542
111		138287		648921		47454
112		138343		653440		47510
113		138319		657886		47509
114		138299		662414		47557
115		138307		666788		47562
116		138300		671279		47495
117		138363		675723		47485
118		138322		680216		47504
119		138247		684535		47523
120		138281		688863		47570
121		138311		693346		47537
122		138259		697722		47569
123		138285		702077		47550
124		138241		706617		47538
125		138253		711076		47489
126		138291		715453		47539
127		138212		719876		47546
128		138214		724282		47531
129		138182		728697		47435
130		138211		733104		47462
131		138185		737515		47490
132		138195		741882		47604
133		138251		746386		47638
134		138297		750793		47650
135		138192		755223		47627
136		138258		759608		47492
137		138231		764081		47621
138		138089		768530		47610
139		138114		772884		47527
140		138148		777198		47504
141		138095		781574		47489
142		138067		785991		47486
143		138105		790421		47502
144		138235		794912		47473
145		138230		799306		47492
146		138173		803844		47513
147		138264		808264		47490
148		138234		812716		47507
149		138239		817047		47574
150		138330		821570		47580
151		138231		826002		47538
152		138240		830470		47578
153		138218		834870		47550
154		138123		839255		47532
155		138217		843587		47484
156		138256		848046		47498
157		138186		852415		47578
158		138167		856746		47534
159		138248		861119		47556
160		138356		865484		47541
161		138275		869969		47571
162		138126		874431		47593
163		138229		878860		47557
164		138250		883357		47530
165		138336		887895		47595
166		138193		892542		47539
167		138177		896931		47561
168		138197		901456		47559
169		138145		905834		47582
170		138139		910238		47562
171		138041		914570		47609
172		138106		918985		47601
173		138084		923308		47618
174		138070		927652		47592
175		138000		932037		47538
176		138085		936295		47551
177		138141		940617		47532
178		138109		944994		47513
179		138111		949290		47488
180		138075		953737		47508
181		138071		958130		47512
182		138114		962528		47543
183		138089		966864		47557
184		138002		971222		47496
185		138025		975664		47497
186		138035		980046		47550
187		138036		984405		47496
188		137990		988714		47522
189		138040		993152		47581
190		138034		997544		47606
191		137951		1001941		47565
192		138032		1006346		47593
193		137969		1010711		47536
194		137949		1015056		47520
195		137972		1019412		47474
196		138023		1023765		47501
197		137952		1028164		47601
198		137959		1032601		47573
199		137944		1037001		47564
200		137950		1041360		47588
201		137989		1045777		47566
202		137970		1050184		47479
203		137853		1054564		47489
204		137862		1058836		47598
205		137900		1063232		47580
206		137871		1067600		47476
207		137888		1071970		47497
208		137937		1076321		47545
209		137903		1080752		47529
210		137893		1085023		47589
211		137908		1089346		47616
212		137827		1093645		47581
213		137813		1097916		47497
214		137943		1102390		47518
215		137862		1106705		47517
216		137858		1111024		47534
217		137910		1115309		47549
218		137737		1119748		47550
219		137557		1124253		47611
220		137377		1128845		47582
221		137305		1133282		47526
222		137247		1137699		47532
223		137212		1141941		47565
224		137209		1146304		47550
225		137074		1150602		47545
226		137145		1154925		47542
227		137115		1159309		47559
228		137164		1163699		47510
229		137023		1167994		47528
230		137015		1172244		47610
231		137043		1176531		47621
232		137013		1180822		47591
233		137017		1185168		47586
234		137092		1189633		47625
235		137113		1194074		47609
236		137070		1198422		47569
237		137070		1202814		47613
238		137039		1207201		47607
239		137095		1211540		47627
240		137059		1216015		47560
241		137085		1220385		47490
242		136994		1224673		47597
243		137026		1228990		47612
244		137011		1233301		47615
245		137128		1237712		47646
246		137002		1242111		47592
247		137155		1246438		47540
248		137057		1250759		47556
249		137077		1255106		47532
250		137054		1259512		47561
251		136990		1263715		47594
252		137003		1268005		47559
253		137053		1272325		47552
254		137083		1276654		47492
255		137108		1280961		47516
256		137151		1285253		47449
257		137190		1289569		47497
258		137250		1293872		47560
259		137142		1298397		47534
260		137179		1302829		47561
261		137204		1307325		47523
262		137098		1311745		47600
263		137075		1316179		47597
264		137075		1320548		47636
265		137075		1324977		47663
266		137033		1329441		47618
267		136917		1333875		47596
268		136912		1338336		47605
269		136952		1342729		47564
270		136956		1347272		47641
271		136953		1351730		47561
272		136975		1356240		47648
273		137076		1360767		47666
274		136949		1365245		47675
275		136972		1369772		47521
276		136978		1374340		47628
277		136922		1378825		47590
278		136916		1383207		47608
279		136857		1387663		47516
280		136904		1392161		47602
281		137048		1396640		47543
282		137039		1401133		47602
283		136892		1405602		47660
284		136871		1410077		47639
285		136842		1414501		47584
286		136801		1418858		47577
287		136899		1423213		47608
288		136868		1427635		47527
289		136865		1432053		47544
290		136895		1436471		47594
291		136951		1440918		47548
292		136889		1445412		47495
293		136890		1449880		47505
294		136930		1454457		47487
295		136840		1458883		47479
296		136755		1463300		47534
297		136788		1467831		47497
298		136798		1472266		47558
299		136752		1476653		47594
300		136895		1480982		47575
301		136839		1485457		47599
302		136801		1489864		47645
303		136754		1494302		47579
304		136804		1498719		47569
305		136837		1503206		47558
306		136745		1507650		47573
307		136760		1512065		47576
308		136817		1516425		47594
309		136870		1520853		47587
310		136825		1525329		47639
311		136842		1529802		47665
312		136865		1534364		47655
313		136862		1538932		47648
314		136840		1543395		47606
315		136824		1547825		47556
316		136837		1552268		47526
317		136802		1556702		47525
318		136885		1561103		47600
319		136782		1565502		47640
320		136780		1569939		47642
321		136844		1574342		47629
322		136848		1578774		47710
323		136826		1583255		47678
324		136818		1587684		47607
325		136807		1592140		47573
326		136867		1596572		47675
327		136852		1601133		47656
328		136793		1605661		47620
329		136775		1610054		47597
330		136793		1614484		47648
331		136711		1618795		47582
332		136756		1623161		47623
333		136729		1627667		47645
334		136783		1632122		47600
335		136752		1636521		47557
336		136727		1640969		47559
337		136744		1645345		47630
338		136761		1649673		47582
339		136769		1654049		47555
340		136759		1658505		47555
341		136712		1662905		47578
342		136735		1667341		47570
343		136688		1671654		47589
344		136754		1676085		47627
345		136757		1680623		47610
346		136794		1685060		47570
347		136822		1689559		47619
348		136780		1694021		47602
349		136700		1698470		47641
350		136817		1702833		47579
351		136807		1707261		47658
352		136751		1711792		47657
353		136794		1716218		47672
354		136916		1720697		47636
355		136766		1725247		47618
356		136808		1729734		47634
357		136753		1734224		47564
358		136765		1738647		47580
359		136675		1742903		47581
360		136769		1747207		47582
361		136781		1751585		47619
362		136699		1756018		47624
363		136773		1760466		47603
364		136771		1764950		47621
365		136778		1769485		47652
366		136806		1773978		47613
367		136766		1778416		47608
368		136760		1782834		47631
369		136686		1787158		47659
370		136655		1791529		47594
371		136678		1795813		47634
372		136788		1800258		47612
373		136747		1804672		47618
374		136665		1809072		47677
375		136579		1813376		47707
376		136662		1817679		47681
377		136731		1821969		47691
378		136644		1826390		47638
379		136676		1830810		47673
380		136663		1835155		47638
381		136686		1839433		47595
382		136693		1843886		47607
383		136628		1848215		47650
384		136677		1852469		47663
385		136690		1856697		47633
386		136735		1861121		47662
387		136703		1865559		47699
388		136667		1870058		47676
389		136584		1874402		47698
390		136711		1878718		47669
391		136718		1883092		47653
392		136667		1887461		47638
393		136648		1891882		47647
394		136698		1896369		47596
395		136695		1900716		47598
396		136619		1905042		47610
397		136657		1909425		47597
398		136725		1913877		47611
399		136662		1918251		47676
400		136755		1922653		47668
401		136708		1927147		47702
402		136740		1931599		47688
403		136656		1935925		47654
404		136796		1940253		47679
405		136816		1944701		47602
406		136846		1949148		47685
407		136786		1953589		47636
408		136668		1958004		47611
409		136647		1962313		47544
410		136717		1966647		47583
411		136813		1971223		47574
412		136773		1975715		47549
413		136732		1980152		47623
414		136726		1984555		47642
415		136731		1988914		47591
416		136756		1993293		47608
417		136686		1997738		47573
418		136798		2002196		47564
419		136797		2006622		47571
420		136697		2011071		47641
421		136693		2015454		47590
422		136718		2019891		47631
423		136657		2024334		47599
424		136685		2028815		47554
425		136642		2033261		47572
426		136659		2037641		47536
427		136697		2042039		47570
428		136809		2046446		47634
429		136741		2050904		47663
430		136751		2055471		47593
431		136768		2059962		47580
432		136785		2064362		47593
433		136829		2068779		47728
434		136777		2073204		47679
435		136786		2077575		47670
436		136817		2082054		47700
437		136744		2086307		47598
438		136642		2090677		47619
439		136802		2094995		47579
440		136788		2099476		47559
441		136722		2103986		47611
442		136743		2108368		47539
443		136727		2112808		47596
444		136700		2117150		47601
445		136679		2121518		47709
446		136764		2125943		47649
447		136777		2130532		47609
448		136740		2134973		47600
449		136717		2139376		47572
450		136751		2143836		47595
451		136683		2148225		47693
452		136698		2152633		47628
453		136630		2156939		47627
454		136665		2161229		47632
455		136629		2165565		47633
456		136774		2170053		47648
457		136672		2174497		47651
458		136688		2178964		47693
459		136773		2183446		47547
460		136691		2187977		47596
461		136726		2192525		47592
462		136739		2196972		47638
463		136856		2201487		47672
464		136769		2205952		47608
465		136781		2210496		47555
466		136772		2214995		47615
467		136765		2219449		47602
468		136665		2223914		47658
469		136579		2228247		47665
470		136673		2232564		47728
471		136732		2236903		47672
472		136764		2241389		47625
473		136790		2245864		47618
474		136713		2250303		47610
475		136733		2254696		47622
476		136647		2259029		47662
477		136681		2263385		47617
478		136744		2267789		47634
479		136763		2272268		47558
480		136713		2276670		47582
481		136726		2281086		47659
482		136842		2285598		47647
483		136834		2290166		47589
484		136832		2294636		47602
485		136784		2299105		47614
486		136729		2303490		47565
487		136777		2307862		47543
488		136622		2312221		47562
489		136685		2316487		47613
490		136802		2320925		47566
491		136766		2325336		47586
492		136762		2329891		47522
493		136857		2334380		47550
494		136760		2338861		47539
495		136704		2343256		47648
496		136727		2347606		47593
497		136777		2352194		47540
498		136710		2356601		47517
499		136635		2361053		47558
500		136617		2365430		47539
501		136640		2369745		47608
502		136677		2374162		47630
503		136658		2378527		47547
504		136689		2382835		47569
505		136811		2387290		47608
506		136752		2391798		47590
507		136730		2396216		47549
508		136682		2400635		47545
509		136675		2404975		47538
510		136731		2409383		47523
511		136640		2413861		47561
512		136713		2418275		47610
513		136698		2422666		47530
514		136651		2427049		47478
515		136597		2431469		47527
516		136635		2435860		47584
517		136665		2440377		47546
518		136711		2444772		47566
519		136735		2449300		47605
520		136710		2453720		47621
521		136717		2458139		47602
522		136708		2462482		47557
523		136679		2466973		47512
524		136684		2471422		47526
525		136678		2475868		47582
526		136648		2480208		47545
527		136669		2484694		47504
528		136692		2489143		47528
529		136727		2493598		47522
530		136692		2498096		47619
531		136779		2502404		47612
532		136818		2506908		47630
533		136790		2511340		47552
534		136737		2515861		47651
535		136685		2520372		47648
536		136788		2524808		47676
537		136790		2529275		47592
538		136719		2533766		47615
539		136750		2538281		47589
540		136719		2542782		47570
541		136666		2547112		47561
542		136821		2551538		47580
543		136737		2556016		47594
544		136863		2560486		47570
545		136796		2564897		47528
546		136805		2569387		47555
547		136700		2573883		47527
548		136620		2578269		47548
549		136673		2582706		47529
550		136702		2587132		47572
551		136697		2591521		47580
552		136654		2595936		47562
553		136641		2600303		47551
554		136727		2604770		47497
555		136568		2609137		47535
556		136695		2613586		47490
557		136615		2617945		47550
558		136689		2622362		47540
559		136613		2626754		47529
560		136610		2631116		47561
561		136669		2635420		47559
562		136649		2639785		47553
563		136678		2644095		47572
564		136709		2648464		47480
565		136719		2652800		47548
566		136722		2657303		47505
567		136608		2661633		47535
568		136641		2666027		47630
569		136553		2670490		47643
570		136577		2674851		47603
571		136686		2679238		47522
572		136630		2683670		47545
573		136639		2688066		47530
574		136563		2692458		47515
575		136660		2696874		47580
576		136565		2701230		47600
577		136588		2705547		47659
578		136623		2709894		47608
579		136629		2714377		47593
580		136697		2718818		47629
581		136681		2723253		47608
582		136646		2727686		47585
583		136603		2732067		47607
584		136564		2736454		47565
585		136660		2740814		47596
586		136596		2745215		47586
587		136613		2749663		47622
588		136658		2754087		47573
589		136654		2758455		47586
590		136700		2762888		47585
591		136710		2767309		47589
592		136709		2771808		47607
593		136753		2776316		47647
594		136727		2780776		47612
595		136756		2785309		47612
596		136692		2789789		47567
597		136735		2794376		47494
598		136698		2798926		47546
599		136644		2803347		47554
600		136508		2807696		47494
601		136642		2812114		47563
602		136747		2816618		47494
603		136673		2821135		47593
604		136616		2825607		47582
605		136605		2830044		47608
606		136728		2834574		47644
607		136700		2839040		47643
608		136720		2843489		47589
609		136740		2847926		47666
610		136778		2852359		47519
611		136700		2856734		47605
612		136670		2861137		47543
613		136675		2865545		47646
614		136603		2869884		47590
615		136665		2874273		47654
616		136605		2878530		47562
617		136772		2882938		47507
618		136670		2887374		47538
619		136681		2891771		47532
620		136704		2896271		47584
621		136653		2900668		47581
622		136748		2905165		47594
623		136857		2909584		47607
624		136780		2914043		47580
625		136652		2918473		47529
626		136687		2922862		47656
627		136642		2927336		47634
628		136627		2931838		47561
629		136796		2936276		47501
630		136756		2940804		47590
631		136625		2945329		47637
632		136687		2949755		47633
633		136760		2954115		47647
634		136649		2958576		47626
635		136694		2963042		47628
636		136650		2967455		47603
637		136598		2971787		47582
638		136602		2976111		47580
639		136658		2980528		47606
640		136599		2984986		47577
641		136670		2989439		47567
642		136526		2993771		47609
643		136525		2998023		47648
644		136660		3002241		47573
645		136683		3006479		47661
646		136621		3010882		47595
647		136663		3015236		47579
648		136687		3019548		47590
649		136705		3023887		47617
650		136595		3028300		47621
651		136609		3032723		47601
652		136602		3037041		47606
653		136608		3041374		47654
654		136575		3045698		47725
655		136560		3049999		47647
656		136722		3054337		47590
657		136740		3058735		47583
658		136761		3063107		47639
659		136713		3067555		47690
660		136672		3071932		47596
661		136684		3076321		47575
662		136651		3080779		47629
663		136679		3085054		47554
664		136684		3089546		47558
665		136664		3093956		47609
666		136650		3098269		47597
667		136677		3102756		47633
668		136654		3107213		47696
669		136805		3111553		47640
670		136723		3116046		47581
671		136789		3120343		47573
672		136674		3124776		47636
673		136706		3129172		47574
674		136713		3133533		47553
675		136693		3137885		47577
676		136721		3142286		47564
677		136709		3146674		47532
678		136690		3151066		47628
679		136716		3155489		47664
680		136628		3159853		47603
681		136633		3164197		47568
682		136583		3168516		47563
683		136666		3172823		47622
684		136656		3177228		47665
685		136776		3181802		47677
686		136757		3186225		47615
687		136747		3190669		47534
688		136696		3195169		47567
689		136726		3199577		47567
690		136770		3203978		47624
691		136775		3208320		47615
692		136767		3212770		47521
693		136721		3217233		47590
694		136722		3221683		47632
695		136811		3226302		47613
696		136770		3230772		47540
697		136701		3235245		47589
698		136675		3239619		47534
699		136723		3244073		47496
700		136747		3248528		47488
701		136771		3253037		47531
702		136736		3257477		47574
703		136740		3262002		47560
704		136746		3266486		47607
705		136761		3271032		47536
706		136694		3275517		47570
707		136692		3279912		47595
708		136722		3284368		47633
709		136766		3288761		47571
710		136817		3293292		47614
711		136822		3297916		47617
712		136783		3302439		47592
713		136750		3307016		47619
714		136594		3311416		47622
715		136795		3315831		47644
716		136753		3320306		47602
717		136759		3324707		47627
718		136771		3329191		47609
719		136709		3333534		47655
720		136758		3338001		47617
721		136665		3342461		47635
722		136637		3346899		47580
723		136677		3351200		47610
724		136784		3355615		47614
725		136758		3360081		47628
726		136668		3364451		47540
727		136786		3368855		47489
728		136732		3373438		47585
729		136580		3377904		47577
730		136623		3382241		47520
731		136579		3386626		47598
732		136600		3390979		47569
733		136594		3395304		47572
734		136678		3399780		47571
735		136713		3404185		47605
736		136740		3408641		47607
737		136735		3413166		47587
738		136707		3417664		47565
739		136642		3422140		47615
740		136537		3426498		47639
741		136605		3430758		47649
742		136634		3435127		47663
743		136701		3439513		47661
744		136685		3443885		47647
745		136704		3448208		47623
746		136656		3452611		47606
747		136709		3456999		47646
748		136711		3461376		47635
749		136700		3465785		47663
750		136673		3470259		47609
751		136610		3474703		47629
752		136650		3479084		47600
753		136598		3483429		47630
754		136658		3487888		47573
755		136686		3492301		47598
756		136672		3496696		47569
757		136657		3501132		47644
758		136623		3505472		47608
759		136626		3509843		47592
760		136668		3514243		47628
761		136670		3518652		47634
762		136659		3523036		47613
763		136701		3527340		47581
764		136599		3531714		47611
765		136627		3536016		47630
766		136638		3540477		47618
767		136697		3544905		47567
768		136698		3549256		47638
769		136710		3553747		47625
770		136667		3558096		47657
771		136653		3562551		47573
772		136552		3566965		47643
773		136491		3571171		47620
774		136571		3575459		47602
775		136534		3579764		47612
776		136646		3584101		47652
777		136572		3588417		47636
778		136686		3592789		47702
779		136666		3597114		47626
780		136704		3601472		47673
781		136722		3605827		47661
782		136827		3610374		47621
783		136675		3614968		47597
784		136729		3619357		47617
785		136660		3623730		47574
786		136672		3628021		47647
787		136769		3632371		47647
788		136777		3636785		47620
789		136664		3641175		47581
790		136702		3645601		47601
791		136807		3650095		47538
792		136691		3654558		47548
793		136602		3658947		47566
794		136647		3663275		47548
795		136607		3667650		47641
796		136651		3671971		47546
797		136628		3676373		47591
798		136673		3680780		47644
799		136672		3685336		47605
800		136592		3689663		47751
801		136717		3694020		47695
802		136611		3698459		47607
803		136557		3702797		47540
804		136613		3707183		47586
805		136617		3711617		47666
806		136607		3715995		47589
807		136691		3720387		47593
808		136597		3724754		47658
809		136643		3729193		47591
810		136704		3733641		47691
811		136726		3738147		47713
812		136638		3742554		47645
813		136707		3746976		47706
814		136649		3751440		47614
815		136724		3755912		47659
816		136661		3760306		47619
817		136641		3764725		47553
818		136699		3769090		47519
819		136657		3773543		47517
820		136701		3778005		47502
821		136679		3782471		47627
822		136694		3787020		47615
823		136688		3791298		47569
824		136795		3795851		47487
825		136687		3800339		47630
826		136685		3804747		47667
827		136623		3809251		47609
828		136579		3813659		47656
829		136621		3818031		47608
830		136733		3822419		47627
831		136790		3826852		47624
832		136654		3831340		47540
833		136711		3835862		47503
834		136656		3840355		47501
835		136555		3844717		47579
836		136629		3849146		47574
837		136628		3853498		47584
838		136534		3857864		47621
839		136678		3862264		47593
840		136580		3866611		47588
841		136672		3871074		47542
842		136578		3875514		47527
843		136629		3879882		47570
844		136706		3884347		47589
845		136659		3888910		47615
846		136688		3893342		47674
847		136671		3897913		47608
848		136690		3902340		47658
849		136739		3906790		47599
850		136639		3911201		47545
851		136591		3915641		47607
852		136562		3919906		47679
853		136627		3924233		47675
854		136684		3928726		47532
855		136705		3933253		47493
856		136565		3937680		47591
857		136671		3942137		47583
858		136540		3946464		47598
859		136630		3950822		47632
860		136575		3955289		47578
861		136586		3959750		47564
862		136614		3964159		47610
863		136620		3968488		47663
864		136637		3972917		47613
865		136641		3977375		47544
866		136636		3981872		47499
867		136604		3986374		47482
868		136644		3990820		47543
869		136620		3995197		47575
870		136722		3999643		47576
871		136728		4004217		47519
872		136627		4008672		47529
873		136616		4013062		47505
874		136661		4017567		47531
875		136644		4021949		47556
876		136687		4026435		47629
877		136619		4030825		47629
878		136663		4035177		47646
879		136622		4039552		47578
880		136601		4043961		47607
881		136656		4048427		47614
882		136651		4052814		47645
883		136631		4057250		47606
884		136708		4061721		47605
885		136627		4066088		47604
886		136620		4070490		47577
887		136669		4074865		47573
888		136689		4079216		47493
889		136703		4083591		47501
890		136669		4088134		47588
891		136537		4092537		47672
892		136614		4096885		47705
893		136691		4101302		47687
894		136559		4105581		47572
895		136524		4109859		47636
896		136608		4114167		47662
897		136612		4118565		47587
898		136627		4123023		47635
899		136672		4127471		47605
900		136674		4131918		47695
901		136662		4136396		47623
902		136690		4140849		47618
903		136756		4145351		47556
904		136697		4149823		47574
905		136644		4154370		47620
906		136634		4158857		47610
907		136574		4163246		47666
908		136678		4167668		47563
909		136675		4172046		47616
910		136608		4176453		47673
911		136658		4180722		47659
912		136616		4185154		47630
913		136615		4189616		47648
914		136612		4193965		47653
915		136691		4198376		47636
916		136719		4202996		47613
917		136659		4207477		47689
918		136615		4211876		47632
919		136664		4216170		47610
920		136708		4220702		47578
921		136648		4225062		47671
922		136541		4229380		47634
923		136605		4233805		47625
924		136569		4238131		47631
925		136557		4242501		47582
926		136561		4246806		47620
927		136537		4251114		47581
928		136614		4255453		47542
929		136619		4259802		47620
930		136572		4264200		47582
931		136517		4268481		47611
932		136501		4272800		47597
933		136571		4277149		47623
934		136655		4281625		47569
935		136636		4286006		47608
936		136547		4290441		47617
937		136613		4294822		47565
938		136593		4299265		47577
939		136624		4303609		47532
940		136631		4308010		47513
941		136653		4312470		47517
942		136616		4316939		47565
943		136683		4321372		47580
944		136629		4325767		47611
945		136558		4330200		47583
946		136601		4334676		47649
947		136628		4339152		47632
948		136702		4343606		47631
949		136669		4348093		47621
950		136658		4352546		47653
951		136730		4357176		47615
952		136628		4361711		47591
953		136720		4366160		47566
954		136604		4370649		47640
955		136565		4375099		47581
956		136602		4379466		47571
957		136668		4383851		47560
958		136570		4388209		47570
959		136523		4392633		47545
960		136502		4396917		47579
961		136539		4401329		47657
962		136584		4405717		47668
963		136593		4410142		47602
964		136648		4414653		47579
965		136538		4419058		47645
966		136523		4423452		47589
967		136578		4427806		47608
968		136582		4432058		47605
969		136539		4436490		47622
970		136628		4440901		47504
971		136586		4445293		47558
972		136522		4449663		47612
973		136459		4453931		47546
974		136571		4458281		47592
975		136582		4462686		47549
976		136587		4467218		47539
977		136576		4471650		47611
978		136577		4476002		47533
979		136692		4480555		47567
980		136677		4485089		47603
981		136556		4489437		47552
982		136638		4493838		47609
983		136606		4498298		47582
984		136653		4502754		47645
985		136591		4507163		47692
986		136548		4511511		47558
987		136459		4515841		47644
988		136558		4520100		47537
989		136532		4524421		47547
990		136521		4528869		47540
991		136585		4533253		47514
992		136501		4537618		47594
993		136482		4541961		47574
994		136504		4546282		47647
995		136554		4550643		47508
996		136523		4554956		47518
997		136545		4559270		47610
998		136583		4563606		47599
999		136615		4568080		47579
