# Migration is number of nodes that have changed color.

Round		Edge-Cut		Swaps		Migrations		Skipped
0		8143		3841		3061
1		6924		6647		3118
2		6169		8775		3151
3		5581		10554		3173
4		5149		12125		3207
5		4757		13455		3201
6		4491		14602		3231
7		4222		15627		3259
8		4019		16516		3269
9		3832		17343		3300
10		3689		18139		3305
11		3586		18810		3296
12		3490		19432		3292
13		3412		20045		3301
14		3330		20601		3296
15		3237		21109		3303
16		3162		21600		3294
17		3060		22039		3329
18		3026		22479		3326
19		2994		22902		3314
20		2922		23323		3307
21		2862		23755		3325
22		2835		24119		3322
23		2746		24449		3328
24		2679		24738		3325
25		2655		25021		3344
26		2639		25320		3339
27		2567		25591		3341
28		2557		25850		3336
29		2513		26100		3337
30		2483		26326		3350
31		2459		26536		3345
32		2421		26766		3352
33		2406		26967		3340
34		2369		27174		3344
35		2350		27386		3348
36		2339		27606		3341
37		2312		27810		3343
38		2315		27989		3337
39		2292		28216		3362
40		2264		28416		3362
41		2258		28607		3348
42		2223		28796		3345
43		2211		28991		3334
44		2193		29158		3342
45		2181		29308		3340
46		2172		29481		3345
47		2131		29665		3346
48		2139		29821		3350
49		2137		29987		3361
50		2120		30139		3363
51		2111		30333		3365
52		2126		30504		3363
53		2092		30657		3368
54		2059		30813		3369
55		2050		30963		3368
56		2045		31103		3375
57		2027		31212		3367
58		2012		31317		3360
59		2003		31458		3368
60		1993		31572		3370
61		2005		31685		3377
62		2012		31790		3377
63		2004		31920		3375
64		2003		32058		3375
65		1983		32178		3377
66		1977		32299		3381
67		1959		32408		3369
68		1961		32509		3373
69		1936		32618		3382
70		1915		32718		3359
71		1916		32825		3364
72		1923		32920		3371
73		1920		33000		3377
74		1907		33098		3365
75		1895		33201		3364
76		1907		33302		3360
77		1904		33391		3372
78		1900		33478		3367
79		1893		33552		3369
80		1904		33654		3374
81		1890		33740		3368
82		1885		33822		3377
83		1885		33885		3384
84		1881		33948		3380
85		1877		34001		3380
86		1881		34083		3376
87		1877		34151		3378
88		1871		34218		3378
89		1872		34280		3382
90		1878		34364		3375
91		1889		34431		3383
92		1890		34525		3381
93		1871		34608		3381
94		1863		34685		3374
95		1864		34767		3376
96		1868		34837		3378
97		1859		34903		3377
98		1869		34975		3371
99		1887		35072		3371
100		1882		35168		3371
101		1873		35266		3372
102		1881		35359		3372
103		1868		35447		3366
104		1863		35542		3373
105		1863		35630		3374
106		1863		35717		3368
107		1844		35800		3367
108		1806		35859		3370
109		1802		35923		3356
110		1804		35984		3366
111		1803		36053		3371
112		1789		36122		3370
113		1792		36192		3371
114		1781		36251		3378
115		1778		36312		3378
116		1779		36362		3377
117		1777		36411		3372
118		1773		36480		3382
119		1773		36548		3381
120		1771		36593		3378
121		1770		36646		3382
122		1766		36697		3384
123		1776		36745		3385
124		1781		36811		3385
125		1782		36859		3383
126		1766		36917		3382
127		1781		36977		3391
128		1765		37044		3383
129		1769		37121		3384
130		1775		37181		3385
131		1768		37258		3382
132		1760		37326		3385
133		1752		37394		3385
134		1739		37438		3387
135		1739		37489		3379
136		1730		37526		3381
137		1737		37573		3372
138		1735		37632		3384
139		1738		37699		3381
140		1740		37751		3373
141		1747		37799		3376
142		1739		37858		3371
143		1749		37925		3371
144		1745		37988		3381
145		1727		38042		3380
146		1738		38096		3377
147		1744		38162		3375
148		1742		38216		3369
149		1737		38277		3370
150		1736		38344		3375
151		1729		38423		3382
152		1715		38466		3377
153		1715		38514		3378
154		1714		38559		3378
155		1712		38613		3374
156		1711		38659		3381
157		1707		38710		3382
158		1705		38748		3381
159		1699		38790		3384
160		1709		38869		3380
161		1708		38923		3380
162		1705		38979		3379
163		1705		39035		3384
164		1694		39084		3378
165		1705		39141		3380
166		1697		39209		3382
167		1689		39269		3387
168		1680		39345		3380
169		1656		39379		3371
170		1650		39416		3377
171		1650		39454		3371
172		1648		39490		3371
173		1643		39526		3371
174		1646		39557		3373
175		1641		39589		3373
176		1636		39618		3370
177		1629		39639		3374
178		1635		39661		3377
179		1633		39691		3378
180		1640		39716		3381
181		1643		39738		3382
182		1641		39782		3375
183		1634		39825		3375
184		1634		39869		3370
185		1631		39912		3377
186		1642		39953		3379
187		1641		40001		3376
188		1634		40043		3377
189		1642		40093		3380
190		1642		40140		3379
191		1635		40181		3380
192		1641		40221		3377
193		1652		40278		3380
194		1644		40346		3378
195		1642		40404		3374
196		1635		40459		3375
197		1633		40501		3371
198		1634		40553		3388
199		1628		40616		3388
200		1621		40671		3381
201		1618		40722		3383
202		1624		40771		3385
203		1623		40820		3388
204		1613		40865		3377
205		1617		40906		3369
206		1617		40948		3372
207		1606		41013		3371
208		1605		41053		3374
209		1611		41104		3370
210		1596		41154		3368
211		1594		41188		3366
212		1589		41220		3368
213		1584		41235		3371
214		1589		41259		3367
215		1587		41280		3369
216		1591		41300		3368
217		1588		41326		3368
218		1590		41349		3370
219		1582		41361		3366
220		1581		41374		3367
221		1574		41392		3369
222		1572		41411		3367
223		1579		41427		3369
224		1579		41446		3363
225		1577		41466		3361
226		1577		41488		3361
227		1576		41522		3363
228		1574		41535		3358
229		1577		41554		3358
230		1580		41586		3360
231		1572		41610		3359
232		1573		41627		3362
233		1565		41651		3357
234		1567		41674		3357
235		1570		41689		3355
236		1570		41712		3355
237		1571		41742		3353
238		1575		41767		3359
239		1572		41791		3355
240		1566		41810		3360
241		1569		41835		3361
242		1563		41856		3359
243		1562		41866		3358
244		1560		41879		3356
245		1562		41893		3360
246		1560		41908		3360
247		1569		41927		3359
248		1571		41955		3361
249		1577		41980		3364
250		1573		42009		3363
251		1565		42022		3365
252		1566		42053		3367
253		1563		42064		3366
254		1565		42079		3366
255		1561		42094		3364
256		1561		42112		3366
257		1560		42121		3363
258		1561		42137		3363
259		1561		42154		3365
260		1560		42163		3367
261		1556		42180		3366
262		1559		42194		3368
263		1566		42216		3366
264		1561		42235		3365
265		1559		42266		3363
266		1559		42278		3365
267		1559		42290		3365
268		1564		42305		3359
269		1559		42318		3361
270		1558		42342		3364
271		1559		42356		3364
272		1569		42383		3367
273		1568		42417		3369
274		1567		42454		3362
275		1565		42490		3361
276		1565		42530		3367
277		1569		42557		3367
278		1570		42591		3365
279		1562		42627		3361
280		1562		42651		3363
281		1558		42679		3364
282		1557		42698		3368
283		1553		42727		3362
284		1556		42745		3364
285		1563		42775		3360
286		1556		42813		3368
287		1566		42840		3370
288		1567		42862		3364
289		1563		42889		3367
290		1563		42925		3366
291		1559		42951		3366
292		1563		42975		3367
293		1557		43011		3363
294		1556		43031		3366
295		1547		43054		3369
296		1549		43076		3366
297		1546		43089		3364
298		1549		43125		3362
299		1551		43141		3363
300		1548		43166		3365
301		1548		43178		3368
302		1548		43207		3365
303		1543		43221		3366
304		1538		43238		3369
305		1536		43248		3371
306		1536		43255		3371
307		1541		43265		3374
308		1541		43279		3374
309		1543		43293		3373
310		1549		43308		3373
311		1549		43326		3369
312		1551		43340		3371
313		1549		43359		3374
314		1548		43378		3375
315		1548		43396		3372
316		1546		43413		3376
317		1545		43435		3370
318		1548		43463		3374
319		1546		43480		3372
320		1544		43493		3371
321		1548		43509		3373
322		1552		43524		3370
323		1554		43533		3370
324		1552		43547		3371
325		1549		43562		3369
326		1552		43570		3371
327		1547		43584		3366
328		1546		43599		3367
329		1544		43614		3365
330		1541		43620		3366
331		1547		43637		3368
332		1545		43651		3367
333		1546		43663		3367
334		1546		43675		3366
335		1540		43696		3366
336		1536		43709		3367
337		1540		43720		3367
338		1541		43734		3367
339		1545		43750		3367
340		1544		43776		3370
341		1552		43803		3373
342		1546		43823		3372
343		1546		43835		3372
344		1544		43851		3370
345		1547		43880		3377
346		1541		43899		3374
347		1533		43920		3376
348		1540		43931		3374
349		1539		43955		3378
350		1540		43981		3379
351		1542		43996		3374
352		1542		44018		3377
353		1544		44040		3374
354		1532		44056		3375
355		1533		44070		3375
356		1532		44077		3375
357		1535		44092		3378
358		1537		44108		3376
359		1536		44131		3378
360		1536		44149		3377
361		1538		44171		3377
362		1541		44183		3381
363		1543		44206		3379
364		1535		44221		3378
365		1538		44231		3380
366		1537		44249		3380
367		1531		44263		3379
368		1535		44283		3383
369		1545		44308		3382
370		1551		44336		3382
371		1554		44360		3384
372		1547		44388		3381
373		1555		44425		3382
374		1558		44450		3387
375		1558		44488		3385
376		1550		44511		3390
377		1551		44531		3387
378		1543		44553		3388
379		1544		44577		3394
380		1541		44597		3393
381		1547		44622		3391
382		1550		44669		3394
383		1555		44699		3386
384		1556		44732		3387
385		1551		44754		3389
386		1553		44783		3395
387		1554		44813		3398
388		1551		44851		3393
389		1558		44874		3397
390		1558		44912		3397
391		1566		44957		3396
392		1559		45017		3391
393		1557		45073		3395
394		1546		45122		3395
395		1543		45159		3395
396		1548		45195		3402
397		1545		45241		3401
398		1547		45272		3398
399		1548		45307		3393
400		1544		45363		3398
401		1532		45396		3392
402		1534		45420		3391
403		1533		45444		3388
404		1535		45476		3386
405		1532		45493		3389
406		1524		45513		3391
407		1527		45546		3388
408		1526		45566		3391
409		1528		45599		3392
410		1522		45624		3393
411		1525		45645		3392
412		1517		45673		3394
413		1522		45696		3397
414		1521		45725		3396
415		1524		45739		3392
416		1524		45763		3391
417		1528		45791		3398
418		1521		45814		3397
419		1521		45838		3393
420		1520		45855		3393
421		1513		45868		3396
422		1512		45882		3397
423		1510		45899		3395
424		1512		45912		3394
425		1507		45926		3391
426		1506		45939		3390
427		1506		45945		3387
428		1506		45952		3388
429		1505		45958		3390
430		1506		45964		3393
431		1505		45973		3395
432		1505		45981		3394
433		1505		45990		3393
434		1503		46004		3395
435		1500		46013		3391
436		1498		46017		3392
437		1500		46022		3395
438		1503		46030		3393
439		1498		46036		3393
440		1496		46040		3392
441		1499		46051		3394
442		1504		46070		3394
443		1504		46078		3395
444		1502		46101		3397
445		1500		46109		3399
446		1496		46117		3398
447		1499		46119		3397
448		1501		46123		3399
449		1498		46127		3399
450		1498		46134		3397
451		1500		46140		3398
452		1492		46146		3396
453		1492		46148		3394
454		1496		46165		3395
455		1496		46167		3396
456		1496		46171		3398
457		1501		46184		3397
458		1496		46195		3394
459		1495		46203		3393
460		1499		46212		3396
461		1500		46223		3398
462		1501		46231		3398
463		1504		46242		3395
464		1507		46270		3396
465		1509		46289		3389
466		1504		46306		3389
467		1507		46320		3391
468		1509		46343		3390
469		1507		46358		3390
470		1501		46382		3392
471		1507		46418		3391
472		1505		46444		3392
473		1499		46457		3390
474		1501		46466		3392
475		1494		46485		3393
476		1490		46493		3392
477		1491		46502		3393
478		1492		46509		3395
479		1496		46521		3396
480		1497		46526		3392
481		1492		46533		3395
482		1487		46550		3392
483		1485		46554		3393
484		1480		46563		3394
485		1485		46572		3393
486		1491		46594		3394
487		1495		46606		3394
488		1500		46629		3390
489		1504		46646		3396
490		1501		46674		3394
491		1500		46698		3393
492		1502		46716		3391
493		1502		46727		3392
494		1499		46741		3391
495		1499		46758		3390
496		1496		46779		3392
497		1495		46798		3396
498		1497		46815		3395
499		1496		46830		3395
500		1492		46855		3394
501		1490		46871		3395
502		1499		46888		3394
503		1497		46901		3393
504		1493		46924		3391
505		1490		46941		3395
506		1506		46971		3398
507		1509		47011		3393
508		1518		47049		3402
509		1513		47079		3401
510		1514		47127		3394
511		1509		47169		3397
512		1505		47195		3393
513		1502		47226		3391
514		1508		47249		3397
515		1516		47291		3402
516		1521		47329		3405
517		1514		47364		3399
518		1509		47392		3400
519		1508		47422		3399
520		1505		47452		3403
521		1498		47478		3399
522		1506		47503		3400
523		1508		47535		3395
524		1506		47576		3402
525		1507		47601		3399
526		1507		47625		3401
527		1508		47656		3396
528		1498		47679		3394
529		1496		47706		3396
530		1496		47728		3401
531		1493		47755		3399
532		1495		47776		3400
533		1487		47803		3405
534		1486		47819		3404
535		1489		47836		3400
536		1490		47865		3403
537		1485		47889		3405
538		1484		47919		3402
539		1478		47950		3401
540		1483		47970		3404
541		1488		47993		3402
542		1486		48013		3404
543		1492		48052		3404
544		1491		48078		3403
545		1492		48115		3402
546		1486		48146		3402
547		1491		48183		3400
548		1490		48216		3402
549		1485		48249		3399
550		1485		48280		3394
551		1478		48300		3402
552		1479		48314		3399
553		1475		48334		3398
554		1473		48350		3399
555		1471		48368		3397
556		1474		48383		3399
557		1470		48409		3398
558		1473		48433		3397
559		1473		48455		3398
560		1464		48475		3399
561		1466		48488		3398
562		1463		48511		3398
563		1466		48528		3400
564		1464		48540		3401
565		1465		48571		3397
566		1464		48587		3398
567		1468		48602		3401
568		1464		48614		3400
569		1466		48625		3400
570		1466		48645		3401
571		1469		48659		3402
572		1466		48673		3399
573		1474		48690		3401
574		1462		48702		3401
575		1465		48716		3402
576		1465		48741		3399
577		1469		48766		3402
578		1463		48784		3403
579		1471		48796		3403
580		1468		48815		3401
581		1469		48838		3402
582		1465		48860		3404
583		1468		48886		3400
584		1465		48921		3405
585		1469		48960		3405
586		1468		48985		3407
587		1467		49012		3404
588		1461		49036		3403
589		1466		49067		3404
590		1465		49101		3407
591		1469		49136		3409
592		1476		49178		3412
593		1470		49216		3408
594		1470		49247		3402
595		1467		49281		3404
596		1463		49322		3403
597		1465		49353		3403
598		1458		49392		3404
599		1462		49426		3403
600		1465		49458		3401
601		1459		49487		3407
602		1459		49519		3408
603		1464		49552		3406
604		1471		49596		3403
605		1477		49633		3397
606		1468		49683		3398
607		1467		49721		3403
608		1475		49753		3399
609		1480		49787		3401
610		1488		49832		3401
611		1473		49869		3397
612		1473		49901		3396
613		1473		49944		3401
614		1477		49984		3402
615		1455		50033		3403
616		1456		50060		3402
617		1464		50097		3404
618		1463		50143		3398
619		1462		50194		3400
620		1458		50242		3400
621		1458		50282		3402
622		1461		50344		3400
623		1459		50383		3393
624		1450		50415		3398
625		1453		50445		3397
626		1454		50482		3392
627		1454		50509		3398
628		1458		50551		3398
629		1453		50618		3395
630		1449		50640		3396
631		1448		50675		3402
632		1450		50701		3404
633		1454		50747		3401
634		1456		50785		3396
635		1453		50816		3394
636		1455		50850		3398
637		1458		50892		3397
638		1453		50930		3396
639		1441		50958		3396
640		1450		50992		3395
641		1448		51035		3392
642		1451		51066		3388
643		1450		51108		3395
644		1449		51127		3396
645		1444		51150		3396
646		1440		51191		3396
647		1443		51214		3396
648		1453		51244		3392
649		1451		51276		3390
650		1451		51310		3390
651		1438		51343		3395
652		1433		51370		3396
653		1438		51400		3397
654		1440		51431		3396
655		1445		51464		3400
656		1441		51486		3391
657		1448		51514		3395
658		1447		51555		3391
659		1444		51595		3391
660		1442		51620		3389
661		1437		51645		3392
662		1439		51672		3393
663		1426		51695		3394
664		1427		51723		3389
665		1425		51743		3393
666		1433		51765		3390
667		1430		51805		3390
668		1424		51824		3390
669		1426		51852		3392
670		1434		51875		3394
671		1431		51919		3396
672		1435		51946		3395
673		1434		51992		3398
674		1430		52016		3398
675		1422		52048		3394
676		1428		52075		3397
677		1421		52100		3393
678		1419		52123		3398
679		1425		52148		3402
680		1427		52178		3400
681		1419		52212		3401
682		1426		52242		3399
683		1425		52270		3402
684		1411		52304		3404
685		1407		52327		3401
686		1412		52352		3402
687		1409		52373		3399
688		1406		52388		3398
689		1415		52418		3401
690		1418		52444		3403
691		1414		52472		3401
692		1410		52490		3404
693		1406		52509		3404
694		1404		52520		3407
695		1411		52542		3409
696		1413		52562		3407
697		1407		52576		3409
698		1402		52597		3406
699		1407		52610		3403
700		1408		52622		3405
701		1409		52650		3408
702		1408		52672		3405
703		1416		52701		3409
704		1410		52750		3411
705		1407		52782		3413
706		1419		52815		3405
707		1414		52847		3416
708		1406		52872		3411
709		1403		52896		3415
710		1404		52929		3412
711		1405		52953		3411
712		1405		52974		3412
713		1399		52997		3413
714		1400		53018		3407
715		1403		53041		3406
716		1403		53078		3408
717		1403		53109		3410
718		1400		53138		3419
719		1397		53160		3413
720		1397		53183		3410
721		1401		53200		3412
722		1400		53219		3408
723		1396		53241		3412
724		1394		53264		3408
725		1386		53284		3411
726		1388		53301		3415
727		1389		53314		3412
728		1390		53333		3410
729		1385		53355		3408
730		1390		53377		3412
731		1394		53398		3412
732		1392		53418		3413
733		1406		53456		3409
734		1403		53490		3409
735		1395		53522		3409
736		1395		53544		3407
737		1393		53565		3409
738		1394		53584		3409
739		1392		53618		3409
740		1387		53637		3407
741		1388		53661		3415
742		1389		53685		3409
743		1386		53709		3412
744		1385		53724		3412
745		1394		53765		3412
746		1390		53796		3412
747		1390		53819		3411
748		1391		53857		3410
749		1387		53876		3410
750		1380		53901		3408
751		1384		53916		3410
752		1383		53944		3407
753		1377		53966		3406
754		1377		53980		3404
755		1377		53995		3407
756		1375		54012		3405
757		1375		54027		3405
758		1374		54040		3404
759		1383		54055		3402
760		1382		54070		3399
761		1385		54092		3401
762		1386		54116		3403
763		1389		54154		3403
764		1397		54187		3406
765		1391		54221		3407
766		1388		54246		3402
767		1382		54267		3403
768		1383		54297		3401
769		1377		54328		3402
770		1366		54359		3400
771		1372		54367		3400
772		1373		54381		3398
773		1369		54398		3394
774		1377		54420		3399
775		1378		54444		3398
776		1376		54473		3392
777		1376		54492		3396
778		1374		54515		3394
779		1370		54530		3395
780		1365		54545		3399
781		1363		54559		3397
782		1363		54585		3402
783		1364		54602		3399
784		1369		54627		3395
785		1362		54639		3399
786		1361		54658		3396
787		1356		54674		3395
788		1371		54693		3396
789		1355		54713		3391
790		1362		54729		3394
791		1362		54750		3391
792		1361		54763		3392
793		1365		54783		3389
794		1367		54799		3386
795		1361		54821		3393
796		1361		54843		3395
797		1364		54866		3395
798		1367		54889		3396
799		1364		54903		3391
800		1360		54930		3392
801		1361		54947		3399
802		1362		54965		3398
803		1363		54980		3394
804		1363		55002		3394
805		1361		55020		3395
806		1363		55030		3393
807		1360		55049		3397
808		1358		55076		3399
809		1361		55098		3400
810		1363		55111		3398
811		1361		55140		3400
812		1370		55167		3405
813		1361		55187		3405
814		1359		55202		3402
815		1359		55230		3401
816		1356		55256		3402
817		1359		55276		3405
818		1362		55300		3402
819		1367		55322		3405
820		1361		55345		3402
821		1357		55369		3401
822		1373		55412		3404
823		1374		55444		3402
824		1364		55467		3405
825		1359		55494		3406
826		1360		55523		3404
827		1362		55555		3402
828		1359		55579		3404
829		1356		55600		3407
830		1363		55628		3402
831		1366		55653		3408
832		1363		55678		3407
833		1355		55703		3407
834		1350		55721		3407
835		1355		55735		3404
836		1354		55762		3410
837		1357		55790		3408
838		1361		55805		3410
839		1353		55831		3405
840		1359		55852		3410
841		1361		55875		3407
842		1364		55903		3404
843		1378		55951		3408
844		1373		55989		3403
845		1360		56023		3406
846		1360		56058		3403
847		1363		56097		3402
848		1360		56130		3405
849		1360		56167		3406
850		1357		56197		3409
851		1361		56241		3406
852		1357		56270		3409
853		1341		56298		3406
854		1341		56321		3403
855		1348		56349		3401
856		1343		56373		3404
857		1344		56403		3412
858		1340		56430		3405
859		1338		56452		3407
860		1335		56471		3407
861		1334		56495		3404
862		1333		56510		3406
863		1343		56540		3409
864		1344		56571		3413
865		1353		56600		3413
866		1343		56635		3405
867		1338		56664		3405
868		1343		56685		3405
869		1337		56709		3403
870		1334		56735		3404
871		1331		56754		3405
872		1333		56767		3402
873		1330		56785		3402
874		1321		56801		3405
875		1325		56811		3397
876		1324		56840		3399
877		1320		56857		3403
878		1322		56866		3401
879		1323		56878		3400
880		1316		56893		3399
881		1317		56903		3401
882		1313		56917		3400
883		1318		56931		3402
884		1314		56946		3401
885		1315		56960		3399
886		1312		56968		3402
887		1319		56981		3400
888		1313		56995		3404
889		1315		57011		3403
890		1316		57027		3402
891		1321		57036		3400
892		1317		57045		3398
893		1325		57068		3399
894		1324		57081		3400
895		1322		57093		3399
896		1319		57111		3398
897		1321		57121		3398
898		1322		57136		3399
899		1323		57147		3398
900		1330		57166		3398
901		1323		57182		3400
902		1323		57203		3399
903		1327		57236		3404
904		1324		57268		3400
905		1317		57282		3401
906		1324		57311		3403
907		1323		57326		3410
908		1336		57354		3405
909		1329		57394		3403
910		1333		57423		3402
911		1324		57450		3402
912		1322		57466		3404
913		1325		57488		3404
914		1326		57510		3406
915		1325		57537		3403
916		1325		57560		3405
917		1334		57590		3397
918		1327		57628		3400
919		1329		57660		3403
920		1326		57689		3406
921		1331		57707		3405
922		1330		57741		3405
923		1334		57775		3400
924		1334		57810		3396
925		1329		57835		3396
926		1328		57860		3396
927		1327		57889		3393
928		1323		57924		3397
929		1322		57945		3399
930		1320		57964		3397
931		1317		57992		3394
932		1318		58010		3392
933		1319		58027		3396
934		1315		58064		3394
935		1315		58087		3395
936		1310		58118		3395
937		1308		58131		3396
938		1303		58145		3397
939		1305		58164		3398
940		1305		58180		3399
941		1304		58195		3395
942		1298		58215		3396
943		1306		58234		3398
944		1308		58257		3401
945		1305		58282		3400
946		1307		58315		3401
947		1302		58334		3398
948		1305		58347		3397
949		1311		58361		3397
950		1308		58374		3402
951		1308		58385		3397
952		1308		58398		3400
953		1309		58415		3400
954		1310		58433		3396
955		1306		58450		3403
956		1302		58463		3401
957		1300		58478		3401
958		1300		58486		3401
959		1308		58517		3400
960		1311		58537		3400
961		1305		58557		3400
962		1304		58575		3397
963		1302		58596		3399
964		1305		58617		3400
965		1307		58630		3400
966		1309		58646		3400
967		1305		58666		3400
968		1304		58687		3402
969		1304		58695		3400
970		1303		58703		3402
971		1302		58711		3402
972		1294		58720		3402
973		1292		58726		3400
974		1296		58730		3399
975		1295		58735		3399
976		1290		58741		3399
977		1289		58743		3399
978		1287		58746		3399
979		1286		58747		3399
980		1286		58749		3399
981		1288		58751		3401
982		1288		58751		3401
983		1288		58751		3401
984		1288		58753		3401
985		1287		58758		3399
986		1286		58759		3401
987		1286		58761		3399
988		1291		58769		3401
989		1289		58770		3400
990		1287		58777		3399
991		1287		58784		3400
992		1290		58793		3401
993		1292		58801		3401
994		1289		58809		3402
995		1288		58816		3399
996		1285		58822		3401
997		1289		58830		3400
998		1292		58838		3400
999		1290		58844		3399
